Member	Year	Month	Start	Stop		Reason
001     1898    10      39      80          1
001     1911	04	25	120		207
001	1912	03	109	124		208
001	1913	03	86	124		207
001	1914	03	72	124		207
001	1972	03	10	124		208
001	1974	03	7	124		207
002	1895	07	28	124		207
002	1970	01	6	124		207
002	1970	05	88	124		207
002	1971	01	12	124		207
002	1971	02	28	112		207
002	1976	02	70	112		207
003	1922	05	17	124		207
004	1932	07	42	42		1
005	1601	08	1	24		208
005	1601	08	25	52		221
005	1601	08	53	60		208
005	1601	08	61	66		221
005	1601	08	67	72		208
005	1601	08	73	101		221
005	1601	08	102	103		213
005	1601	08	104	104		214
005	1601	08	105	105		221
005	1601	08	106	106		214
005	1601	08	107	107		221
005	1601	08	108	108		214
005	1601	08	109	109		221
005	1601	08	110	110		214
005 1601    08  111	111		213
005	1601	08	112	112		214
005 1601    08	113	114		213
005	1601	08	115	116		214
005	1601	08	117	118		213
005	1601	08	119	124		214
005	1601	09	1	6		207
005	1601	09	8	9		306
005	1601	09	10	109		207
005	1601	09	112	112		301
005	1601	09	113	114		207
005	1601	09	115	118		301
005	1601	09	120	120		208
005	1601	10	1	93		207
005	1601	10	97	97		207
005	1601	10	98	98		301
005	1601	10	102	102		207
005	1601	10	105	105		301
005	1601	10	106	106		207
005	1601	10	107	108		301
005	1601	10	109	109		207
005	1601	10	110	110		215
005	1601	10	111	113		207
005	1601	10	114	114		215
005	1601	10	115	119		207
005	1601	10	120	120		215
005	1601	10	121	124		207
005	1601	11 	1	89		207
005	1601	11	91	97		207
005	1601	11	98	99		215
005	1601	11	100	102		208
005	1601	11	103	103		215
005	1601	11	104	106		208
005	1601	11	107	108		215
005	1601	11	109	111		208
005	1601	11	112	112		215
005	1601	11	113	117		208
005	1601	11	118	118		215
005	1601	11	119	120		207
005	1601	12	1	107		207
005	1601	12	108	114		215
005	1601	12	115	116		208
005	1601	12	117	118		215
005	1601	12	119	120		208
005	1601	12	121	122		215
005	1601	12	123	124		208
005	1602	06	1	12		207
005	1602	06	13	15		301
005	1602	06	16	18		207
005	1602	06	19	22		301
005	1602	06	23	31		207
005	1602	06	32	33		301
005	1602	06	34	38		207
005	1602	06	39	39		40730
005	1602	06	40	42		301
005	1602	06	43	44		207
005	1602	06	45	50		301
005	1602	06	51	51		207
005	1602	06	52	56		301
005	1602	06	57	62		207
005	1602	06	63	68		301
005	1602	06	69	70		207
005	1602	06	71	76		301
005	1602	06	77	77		207
005	1602	06	78	101		215
005	1602	06	102	102		207
005	1602	06	103	105		215
005	1602	06	106	107		207
005	1602	06	108	109		215
005	1602	06	110	111		207
005	1602	06	112	112		215
005	1602	06	113	116		207
005	1602	06	117	120		208
005	1602	07	1	5		207
005	1602	07	8	8		301
005 1602    07  10	11		301
005	1602	07	12	13		207
005	1602	07	15	15		301
005	1602	07	16	16		207
005	1602	07	20	24		301
005	1602	07	27	27		207
005	1602	07	28	28		301
005	1602	07	32	33		207
005	1602	07	36	37		301
005	1602	07	38	39		207
005	1602	07	41	41		301
005	1602	07	42	44		207
005	1602	07	45	46		301
005	1602	07	47	51		207
005	1602	07	53	57		301
005	1602	07	58	58		207
005	1602	07	59	59		301
005 1602    07  62  62		301
005 1602    07  63  63		207
005 1602    07  64	67		301
005 1602    07  68  68		207
005 1602    07  70	72		301
005 1602    07  73  73		207
005 1602    07  74	76		215
005 1602    07  77	80		207
005 1602    07  81  81		208
005 1602    07  82  82		207
005 1602    07	83	86		208
005 1602    07	87	91		215
005 1602    07	92	92		207
005 1602    07	93	94		215
005	1602	07	95	95		207
005 1602    07	96	96		208
005 1602    07	97	100		207
005	1602	07	101	101		215
005 1602    07	102	102		207
005 1602    07	103	107		208
005 1602    07	108	112		207
005 1602    07	113	119		215
005 1602    07	120	124		207
005	1602	08	1	77		207
005 1602    08	78	79		301
005 1602    08	80	87		207
005 1602    08	89	93		208
005 1602    08	94	94		215
005 1602    08	95	98		208
005 1602    08	99	102		215
005 1602    08	103	103		208
005 1602    08	104	104		215
005 1602    08	105	105		208
005 1602    08	106	109		207
005 1602    08	110	111		215
005 1602    08	112	113		208
005 1602    08	114	120		207
005 1602    08  121 121		215
005 1602    08  122 122		208
005 1602    08  123 123		215
005 1602    08  124 124		208
005	1602	09	1	63		207
005	1602	09	66	72		207
005 1602    09	73	77		301
005 1602    09	78	80		207
005 1602    09	82	85		301
005 1602    09	86	86		215
005 1602    09	87	96		207
005 1602    09	97	97		215
005 1602    09	98	10		208
005 1602    09	103	108		207
005 1602    09	109	111		215
005 1602    09	112	119		207
005 1602    09	120	120		215
005	1602	10	1	84		207
005 1602    10	89	90		301
005 1602    10	91	91		207
005 1602    10	92	95		301
005 1602    10	99	100		207
005 1602    10	101	103		301
005 1602    10	105	105		207
005 1602    10	108	110		208
005 1602    10	111	113		207
005 1602    10	114	114		215
005 1602    10	115	118		208
005 1602    10	119	119		215
005 1602    10	120	120		208
005 1602    10	121	124		207
005 1602    11	1	18		207
005 1602    11	19	19		301
005 1602    11	20	22		207
005 1602    11	23	23		301
005 1602    11	24	32		207
005 1602    11	33	33		301
005 1602    11	34	35		207
005 1602    11  39	41		207
005 1602    11  45	48		207
005 1602    11  52	55		207
005 1602    11  56  56     	215
005 1602    11  57	60		207
005 1602    11  61	65		215
005 1602    11  66  66		208
005 1602    11  67	70		207
005 1602    11  71  71     	215
005 1602    11  72	73		208
005 1602    11	74	74		215
005 1602    11	75	79		207
005 1602    11	80	80		208
005 1602    11	81	82		207
005 1602    11	83	83		215
005 1602    11	84	89		207
005 1602    11	90	90		208
005 1602    11	91	91		207
005 1602    11	92	92		215
005 1602    11	93	96		207
005 1602    11	97	97		215
005 1602    11	98	100		208
005 1602    11	101	103		215
005 1602    11	104	104		207
005 1602    11	105	109		208
005 1602    11	110	117		207
005 1602    11	118	118		215
005 1602    11	119	120		208
005	1602	12	1	1		207
005 1602    12	2	2		301
005 1602    12	3	4		202
005 1602    12	7	7		305
005 1602    12	8	9		207
005 1602    12	10	10		306
005 1602    12	12	12		207
005	1602	12	13	13		5
005 1602    12	14	15		301
005 1602    12	16	17		207
005 1602    12	19	19		305
005 1602    12	22	22		207
005 1602    12	23	23		305
005 1602    12	24	25		301
005 1602    12	26	26		202
005 1602    12	31	31		301
005 1602    12	33	33		208
005 1602    12	36	36		301
005 1602    12	37	37		208
005 1602    12	40	40		301
005 1602    12	42	45		301
005 1602    12	46	46		306
005 1602    12	50	50		207
005 1602    12	51	51		202
005 1602    12	52	53		305
005 1602    12	54	56		207
005 1602    12	57	57		215
005 1602    12	59	60		215
005 1602    12	61	62		207
005 1602    12	63	63		305
005 1602    12	64	64		215
005 1602    12	65	65		207
005 1602    12	66	67		202
005 1602    12	68	68		207
005 1602    12	69	70		202
005 1602    12	71	71		207
005 1602    12	72	74		202
005 1602    12	75	75		207
005 1602    12	76	95		202
005 1602    12	96	96		215
005 1602    12	97	98		202
005 1602    12	99	100		228
005 1602    12 	101	102		215
005 1602    12 	103	103		228
005 1602    12 	104	104		221
005 1602    12 	105	106		208
005 1602    12 	107	107		215
005 1602    12 	108	108		228
005 1602    12 	109	109		215
005 1602    12 	110	110		228
005 1602    12 	111	112		221
005 1602    12 	113	117		220
005 1602    12 	118	118		228
005 1602    12 	119	119		212
005 1602    12 	120	122		220
005 1602    12 	123	123		207
005 1602    12 	124	124		220
005 1662    08  0   0       6
005 1670    03  0   0       6
005	1973	01	9	124		207
006	1896	04	20	120		207
006	1974	06	116	120		207
006	1977	06	110	120		207
007	1891	07	4	124		208
007	1995	12	98	102		1
008	1949	05	51	53		1
008	1974	12	104	124		207
009	1909	04	88	120		208
010	1976	02	96	112		207
011	1903	06	100	120		207
011	1916	05	78	124		207
012	1692	11	54	120		208
012	1730	06	0	0		6	
012 1730    11  0   0       6
012 1733    08  0   0		6
012 1733    09	0	0		6
012 1734    06	0	0		6
012 1734    07	0	0		6
012 1734    10	0	0		6
012 1734    11	0	0		6
012 1735    01	0	0		6
012 1735    01  0	0		6
012 1735    03	0	0		6
012 1737	08	0	0		6
012 1737    09  0   0       6
012 1738    03  0   0       6
012 1738    04  0   0       6
012 1738    05  0   0       6
012 1738    06  0   0       6
012 1738    07  0   0       6
012 1738    10  0   0       6
012 1738    11  0   0       6
012 1738    12  0   0       6
012 1739    01  0   0       6
012 1739    02  0   0       6
012 1739    03  0   0       6
012 1739    06  0   0       6
012 1739    07  0   0       6
012 1739    11  0   0       6
012 1740    08  0   0       6
012 1740    09  0   0       6
012 1741    08  0   0       6
012 1741    09  0   0       6
012 1742    02  0   0       6
012 1742    03  0   0       6
012 1742    04  0   0       6
012 1742    05  0   0       6
012 1742    06  0   0       6
012 1742    07  0   0       6
012 1742    10  0   0       6
012 1742    11  0   0       6
012 1742    12  0   0       6
012 1743    01	0	0       6
012 1743    02	0	0		6
012 1743    03  0   0       6
012 1743    04  0   0       6
012 1743    05  0   0       6
012 1743    06  0   0       6
012 1743    07  0   0       6
012 1743    10  0   0       6
012 1743    11  0   0       6
012 1743    12  0   0       6
012 1744    08  0   0       6
012 1744    09  0   0       6
012 1745    07  0   0       6
012 1745    08  0   0       6
012 1745    09  0   0       6
012 1745    10  0   0       6
012 1745    11  0   0       6
012	1746	01	0	0		6
012 1746    02  0   0       6
012 1746    03  0   0       6
012 1746    04  0   0       6
012 1746    05  0   0       6
012 1746    06  0   0       6
012 1746    07  0   0       6
012 1746    09  0   0       6
012 1746    10  0   0       6
012 1746    11  0   0       6
012 1746    12  0   0       6
012 1747    01  0   0       6
012 1747    02  0   0       6
012 1747    03  0   0       6
012 1747    04  0   0       6
012 1747    05  0   0       6
012 1747    06  0   0       6
012 1747    07  0   0       6
012 1747    10  0   0       6
012 1747    11  0   0       6
012 1747    12  0   0       6
012 1748    01  0   0       6
012 1748    08  0   0       6
012 1748    09  0   0       6
012 1749    04  0   0       6
012 1749    05  0   0       6
012 1749    06  0   0       6
012 1749    08  0   0       6
012 1749    09  0   0       6
012 1749    10  0   0       6
012 1749    11  0   0       6
012 1749    12  0   0       6
012 1750    01  0   0       6
012 1750    03  0   0       6
012 1750    08  0   0       6
012 1750    09  0   0       6
012 1751    03  0   0       6
012 1751    04  0   0       6
012 1751    05  0   0       6
012 1751    06  0   0       6
012 1751    07  0   0       6
012 1751    08  0   0       6
012 1751    09  0   0       6
012 1751    10  0   0       6
012 1751    11  0   0       6
012 1751    12  0   0       6
012 1751    03  0   0       6
012 1752    00  0   0       6
012 1753    00  0   0       6
012 1754    01  0   0       6
012 1754    02  0   0       6
012 1754    03  0   0       6
012 1754    06  0   0       6
012 1754    07  0   0       6
012 1754    08  0   0       6
012 1754    09  0   0       6
012 1754    10  0   0       6
012 1754    11  0   0       6
012 1755    02  0   0       6
012 1755    03  0   0       6
012 1755    04  0   0       6
012 1755    05  0   0       6
012 1755    05  0   0       6
012 1755    06  0   0       6
012 1755    07  0   0       6
012 1755    08  0   0       6
012 1755    09  0   0       6
012 1755    10  0   0       6
012 1755    11  0   0       6
012 1755    12  0   0       6
012 1756    00  0   0       6
012 1757    00  0   0       6
012 1758    00  0   0       6
012 1759    00  0   0       6
012 1761    00  0   0       6
012 1762    00  0   0       6
012 1763    00  0   0       6
012 1764    00  0   0       6
012 1765    00  0   0       6
012 1766    00  0   0       6
012 1767    00  0   0       6
012 1768    00  0   0       6
012 1769    00  0   0       6
012 1770    00  0   0       6
012 1771    00  0   0       6
012 1772    00  0   0       6
012 1773    00  0   0       6
012 1774    00  0   0       6
012 1775    00  0   0       6
012 1776    00  0   0       6
012 1777    00  0   0       6
012 1778    00  0   0       6
012 1779    00  0   0       6
012 1780    00  0   0       6
012 1781    00  0   0       6
012 1782    00  0   0       6
012 1783    00  0   0       6
012 1784    00  0   0       6
012 1785    00  0   0       6
012 1786    00  0   0       6
012 1787    00  0   0       6
012 1788    00  0   0       6
012 1789    00  0   0       6
012 1790    00  0   0       6
012 1791    00  0   0       6
012 1792    00  0   0       6
012 1793    00  0   0       6
012 1794    00  0   0       6
012 1795    00  0   0       6
012 1796    00  0   0       6
012 1797    00  0   0       6
012 1798    00  0   0       6
012 1799    00  0   0       6
012 1800    00  0   0       6
012 1801    00  0   0       6
012 1802    00  0   0       6
012 1803    00  0   0       6
012 1804    00  0   0       6
012 1805    00  0   0       6
012 1806    00  0   0       6
012 1807    00  0   0       6
012 1808    00  0   0       6
012 1809    00  0   0       6
012 1810    00  0   0       6
012 1811    00  0   0       6
012 1812    00  0   0       6
012 1813    00  0   0       6
012 1814    00  0   0       6
012 1815    00  0   0       6
012 1816    00  0   0       6
012 1817    00  0   0       6
012 1818    00  0   0       6
012 1819    00  0   0       6
012 1820    00  0   0       6
012 1821    00  0   0       6
012 1822    00  0   0       6
012 1823    00  0   0       6
012 1824    00  0   0       6
012 1825    00  0   0       6
012 1826    00  0   0       6
012 1827    00  0   0       6
012 1828    00  0   0       6
012 1829    00  0   0       6
012 1830    00  0   0       6
012 1831    00  0	0       6
012 1832    00  0   0       6
012 1833    00  0   0       6
012 1834    00  0   0       6
012 1835    00  0   0       6
012 1836    00  0   0       6
012 1837    00  0   0       6
012 1838    00  0   0       6
012 1839    00  0   0       6
012 1840    00  0   0       6
012 1841    00  0   0       6
012 1842    00  0   0       6
012 1843    00  0   0       6
012 1844    00  0   0       6
012 1845    00  0   0       6
012 1846    00  0   0       6
012 1847    00  0   0       6
012 1848    00  0   0       6
012 1849    00  0   0       6
012 1850    00  0   0       6
012 1851    00  0   0       6
012 1852    00  0   0       6
012 1853    00  0   0       6
012 1854    00  0   0       6
012 1855    00  0   0       6
012 1856    00  0   0       6
012 1857    00  0   0       6
012 1858    00  0   0       6
012 1859    00  0   0       6
012 1860    00  0   0       6
012 1861    00  0   0       6
012 1862    00  0   0       6
012 1863    01  0   0       6
012 1863    02  0   0       6
012	1921	04	87	120		207
016	1897	07	64	124		207
016	1898	03	26	124		207
016	1900	06	91	120		207
017	1911	02	13	112		208
018	0000	00	0	0		7
019	1697	07	0	0		8
020	1893	11	53	120		207
021	1653	07	56	73		1
022	1737	12	100	124		208
022     1783    06  	0   	0       	10
024	1890	03	88	124		208
024	1894	11	94	120		207
026	1805	03	14	120		207
029	1897	04	34	120		208
029	1898	05	41	124		207
029	1941	03	116	124		208
030	1604	11	0	0		9
030 1604    12	0	0		9
030 1605    00	0	0		9
030 1606    01	0	0		9
030 1606    02	0	0		9
030 1606    03	0	0		9
030 1606    12	0	0		9
030	1614	12	39	47		1
030	1616	11	47	56		1
030	1894	04	41	120		207
030	1901	02	23	112		207	
